# Huber Tabulated Antineutrino Spectra
# Extracted from PHYSICAL REVIEW C 84, 024617 (2011)
# By Tom Langford, May 24, 2018
# The columns have the following definitions:
#   Enu: Antineutrino energy (bin center) [MeV]
#   dNdE_XXX: Antineutrino spectrum [antineutrinos MeV^-1 fission^-1]
# Enu     dNdE_U235    dNdE_U238   dNdE_Pu239   dNdE_Pu241
1.8  1.555 0.0  1.300 1.448
2.0  1.32  0.0  1.08 1.26
2.25  1.12  0.0  0.92 1.08
2.5  0.915  0.0  0.719 0.894
2.75  0.77  0.0  0.62 0.777
3.0  0.651  0.0  0.515 0.641
3.25  0.553  0.0  0.398 0.536
3.5  0.454  0.0  0.329 0.439
3.75  0.364  0.0  0.261 0.346
4.0  0.294  0.0  0.195 0.282
4.25  0.23  0.0  0.157 0.22
4.5  0.179  0.0  0.113 0.166
4.75  0.138  0.0  0.0833 0.125
5.0  0.11  0.0  0.0613 0.0974
5.25  0.0864  0.0  0.0483 0.0747
5.5  0.0646  0.0  0.0354 0.0558
5.75  0.051  0.0  0.0292 0.0411
6.0  0.0389  0.0  0.0192 0.0305
6.25  0.0287  0.0  0.0128 0.0198
6.5  0.0217  0.0  0.00998 0.0154
6.75  0.0161  0.0  0.00754 0.0109
7.0  0.0114  0.0  0.00498 0.00775
7.25  0.00717  0.0  0.00326 0.00447
7.5  0.00464  0.0  0.00195 0.0029
7.75  0.00297  0.0  0.000847 0.00178
8.0  0.00162  0.0  0.000587 0.00106
8.010 1.432781e-03 3.877471e-03 4.733424e-04 9.232445e-04
8.020 1.392693e-03 3.810679e-03 4.578330e-04 8.996469e-04
8.030 1.353432e-03 3.744872e-03 4.427105e-04 8.765221e-04
8.040 1.314988e-03 3.680038e-03 4.279694e-04 8.538638e-04
8.050 1.277353e-03 3.616165e-03 4.136037e-04 8.316654e-04
8.060 1.240517e-03 3.553240e-03 3.996078e-04 8.099208e-04
8.070 1.204472e-03 3.491253e-03 3.859759e-04 7.886235e-04
8.080 1.169207e-03 3.430192e-03 3.727022e-04 7.677671e-04
8.090 1.134714e-03 3.370045e-03 3.597809e-04 7.473456e-04
8.100 1.100983e-03 3.310801e-03 3.472062e-04 7.273526e-04
8.110 1.068004e-03 3.252449e-03 3.349723e-04 7.077820e-04
8.120 1.035769e-03 3.194978e-03 3.230734e-04 6.886276e-04
8.130 1.004267e-03 3.138377e-03 3.115037e-04 6.698833e-04
8.140 9.734889e-04 3.082635e-03 3.002575e-04 6.515431e-04
8.150 9.434254e-04 3.027742e-03 2.893289e-04 6.336010e-04
8.160 9.140666e-04 2.973686e-03 2.787122e-04 6.160509e-04
8.170 8.854028e-04 2.920457e-03 2.684017e-04 5.988869e-04
8.180 8.574243e-04 2.868044e-03 2.583914e-04 5.821032e-04
8.190 8.301214e-04 2.816438e-03 2.486758e-04 5.656938e-04
8.200 8.034843e-04 2.765628e-03 2.392492e-04 5.496529e-04
8.210 7.775032e-04 2.715604e-03 2.301057e-04 5.339747e-04
8.220 7.521682e-04 2.666356e-03 2.212397e-04 5.186536e-04
8.230 7.274696e-04 2.617874e-03 2.126457e-04 5.036838e-04
8.240 7.033975e-04 2.570147e-03 2.043179e-04 4.890596e-04
8.250 6.799421e-04 2.523168e-03 1.962508e-04 4.747754e-04
8.260 6.570936e-04 2.476925e-03 1.884388e-04 4.608257e-04
8.270 6.348419e-04 2.431409e-03 1.808763e-04 4.472049e-04
8.280 6.131775e-04 2.386611e-03 1.735579e-04 4.339075e-04
8.290 5.920903e-04 2.342521e-03 1.664781e-04 4.209280e-04
8.300 5.715705e-04 2.299131e-03 1.596316e-04 4.082612e-04
8.310 5.516083e-04 2.256431e-03 1.530128e-04 3.959015e-04
8.320 5.321940e-04 2.214411e-03 1.466165e-04 3.838437e-04
8.330 5.133177e-04 2.173064e-03 1.404374e-04 3.720825e-04
8.340 4.949697e-04 2.132379e-03 1.344703e-04 3.606127e-04
8.350 4.771402e-04 2.092349e-03 1.287100e-04 3.494290e-04
8.360 4.598195e-04 2.052965e-03 1.231512e-04 3.385264e-04
8.370 4.429980e-04 2.014218e-03 1.177890e-04 3.278997e-04
8.380 4.266661e-04 1.976099e-03 1.126183e-04 3.175440e-04
8.390 4.108140e-04 1.938600e-03 1.076342e-04 3.074541e-04
8.400 3.954324e-04 1.901713e-03 1.028316e-04 2.976251e-04
8.410 3.805116e-04 1.865429e-03 9.820583e-05 2.880522e-04
8.420 3.660423e-04 1.829741e-03 9.375201e-05 2.787304e-04
8.430 3.520151e-04 1.794640e-03 8.946542e-05 2.696550e-04
8.440 3.384206e-04 1.760118e-03 8.534140e-05 2.608211e-04
8.450 3.252495e-04 1.726167e-03 8.137535e-05 2.522240e-04
8.460 3.124927e-04 1.692780e-03 7.756273e-05 2.438592e-04
8.470 3.001409e-04 1.659949e-03 7.389908e-05 2.357218e-04
8.480 2.881852e-04 1.627666e-03 7.038000e-05 2.278075e-04
8.490 2.766166e-04 1.595923e-03 6.700116e-05 2.201116e-04
8.500 2.654261e-04 1.564714e-03 6.375831e-05 2.126296e-04
8.510 2.546049e-04 1.534030e-03 6.064727e-05 2.053572e-04
8.520 2.441443e-04 1.503864e-03 5.766394e-05 1.982900e-04
8.530 2.340356e-04 1.474210e-03 5.480427e-05 1.914236e-04
8.540 2.242702e-04 1.445059e-03 5.206430e-05 1.847538e-04
8.550 2.148396e-04 1.416406e-03 4.944016e-05 1.782763e-04
8.560 2.057355e-04 1.388241e-03 4.692803e-05 1.719869e-04
8.570 1.969495e-04 1.360560e-03 4.452418e-05 1.658817e-04
8.580 1.884735e-04 1.333355e-03 4.222495e-05 1.599563e-04
8.590 1.802995e-04 1.306619e-03 4.002678e-05 1.542070e-04
8.600 1.724193e-04 1.280345e-03 3.792614e-05 1.486296e-04
8.610 1.648251e-04 1.254528e-03 3.591963e-05 1.432203e-04
8.620 1.575092e-04 1.229159e-03 3.400389e-05 1.379752e-04
8.630 1.504639e-04 1.204233e-03 3.217566e-05 1.328906e-04
8.640 1.436817e-04 1.179744e-03 3.043175e-05 1.279625e-04
8.650 1.371550e-04 1.155685e-03 2.876903e-05 1.231874e-04
8.660 1.308767e-04 1.132049e-03 2.718448e-05 1.185617e-04
8.670 1.248395e-04 1.108831e-03 2.567512e-05 1.140816e-04
8.680 1.190362e-04 1.086025e-03 2.423809e-05 1.097436e-04
8.690 1.134600e-04 1.063624e-03 2.287057e-05 1.055444e-04
8.700 1.081041e-04 1.041622e-03 2.156982e-05 1.014803e-04
8.710 1.029615e-04 1.020014e-03 2.033320e-05 9.754811e-05
8.720 9.802591e-05 9.987933e-04 1.915811e-05 9.374442e-05
8.730 9.329068e-05 9.779546e-04 1.804206e-05 9.006595e-05
8.740 8.874949e-05 9.574920e-04 1.698259e-05 8.650949e-05
8.750 8.439612e-05 9.373998e-04 1.597736e-05 8.307187e-05
8.760 8.022446e-05 9.176726e-04 1.502406e-05 7.974996e-05
8.770 7.622853e-05 8.983047e-04 1.412048e-05 7.654070e-05
8.780 7.240248e-05 8.792907e-04 1.326447e-05 7.344108e-05
8.790 6.874057e-05 8.606254e-04 1.245393e-05 7.044814e-05
8.800 6.523722e-05 8.423032e-04 1.168686e-05 6.755897e-05
8.810 6.188693e-05 8.243190e-04 1.096131e-05 6.477071e-05
8.820 5.868437e-05 8.066676e-04 1.027539e-05 6.208057e-05
8.830 5.562429e-05 7.893438e-04 9.627286e-06 5.948579e-05
8.840 5.270161e-05 7.723426e-04 9.015244e-06 5.698368e-05
8.850 4.991133e-05 7.556589e-04 8.437570e-06 5.457159e-05
8.860 4.724862e-05 7.392878e-04 7.892632e-06 5.224691e-05
8.870 4.470873e-05 7.232245e-04 7.378859e-06 5.000712e-05
8.880 4.228706e-05 7.074640e-04 6.894737e-06 4.784972e-05
8.890 3.997911e-05 6.920017e-04 6.438809e-06 4.577225e-05
8.900 3.778053e-05 6.768328e-04 6.009675e-06 4.377235e-05
8.910 3.568706e-05 6.619527e-04 5.605990e-06 4.184764e-05
8.920 3.369457e-05 6.473567e-04 5.226461e-06 3.999586e-05
8.930 3.179906e-05 6.330403e-04 4.869849e-06 3.821475e-05
8.940 2.999661e-05 6.189991e-04 4.534963e-06 3.650212e-05
8.950 2.828345e-05 6.052287e-04 4.220664e-06 3.485583e-05
8.960 2.665591e-05 5.917245e-04 3.925860e-06 3.327377e-05
8.970 2.511043e-05 5.784825e-04 3.649505e-06 3.175389e-05
8.980 2.364356e-05 5.654982e-04 3.390598e-06 3.029420e-05
8.990 2.225196e-05 5.527675e-04 3.148185e-06 2.889273e-05
9.000 2.093239e-05 5.402863e-04 2.921352e-06 2.754758e-05
9.010 1.968172e-05 5.280504e-04 2.709227e-06 2.625688e-05
9.020 1.849693e-05 5.160558e-04 2.510977e-06 2.501881e-05
9.030 1.737510e-05 5.042985e-04 2.325810e-06 2.383159e-05
9.040 1.631339e-05 4.927746e-04 2.152970e-06 2.269351e-05
9.050 1.530909e-05 4.814802e-04 1.991738e-06 2.160287e-05
9.060 1.435955e-05 4.704114e-04 1.841428e-06 2.055802e-05
9.070 1.346224e-05 4.595645e-04 1.701390e-06 1.955737e-05
9.080 1.261471e-05 4.489357e-04 1.571006e-06 1.859936e-05
9.090 1.181461e-05 4.385214e-04 1.449688e-06 1.768247e-05
9.100 1.105967e-05 4.283178e-04 1.336879e-06 1.680522e-05
9.110 1.034770e-05 4.183215e-04 1.232050e-06 1.596618e-05
9.120 9.676612e-06 4.085289e-04 1.134702e-06 1.516396e-05
9.130 9.044378e-06 3.989364e-04 1.044360e-06 1.439718e-05
9.140 8.449065e-06 3.895408e-04 9.605765e-07 1.366454e-05
9.150 7.888811e-06 3.803384e-04 8.829268e-07 1.296476e-05
9.160 7.361833e-06 3.713261e-04 8.110107e-07 1.229658e-05
9.170 6.866419e-06 3.625004e-04 7.444503e-07 1.165880e-05
9.180 6.400928e-06 3.538582e-04 6.828888e-07 1.105026e-05
9.190 5.963792e-06 3.453962e-04 6.259901e-07 1.046980e-05
9.200 5.553506e-06 3.371112e-04 5.734376e-07 9.916340e-06
9.210 5.168633e-06 3.290002e-04 5.249332e-07 9.388799e-06
9.220 4.807799e-06 3.210600e-04 4.801966e-07 8.886146e-06
9.230 4.469690e-06 3.132876e-04 4.389643e-07 8.407379e-06
9.240 4.153052e-06 3.056800e-04 4.009890e-07 7.951528e-06
9.250 3.856691e-06 2.982343e-04 3.660385e-07 7.517653e-06
9.260 3.579463e-06 2.909475e-04 3.338951e-07 7.104846e-06
9.270 3.320284e-06 2.838168e-04 3.043548e-07 6.712230e-06
9.280 3.078116e-06 2.768393e-04 2.772268e-07 6.338954e-06
9.290 2.851974e-06 2.700123e-04 2.523324e-07 5.984200e-06
9.300 2.640922e-06 2.633330e-04 2.295046e-07 5.647175e-06
9.310 2.444067e-06 2.567988e-04 2.085875e-07 5.327113e-06
9.320 2.260563e-06 2.504068e-04 1.894357e-07 5.023278e-06
9.330 2.089606e-06 2.441546e-04 1.719133e-07 4.734956e-06
9.340 1.930434e-06 2.380395e-04 1.558940e-07 4.461462e-06
9.350 1.782323e-06 2.320589e-04 1.412601e-07 4.202134e-06
9.360 1.644588e-06 2.262105e-04 1.279020e-07 3.956333e-06
9.370 1.516581e-06 2.204916e-04 1.157180e-07 3.723446e-06
9.380 1.397688e-06 2.148998e-04 1.046136e-07 3.502882e-06
9.390 1.287327e-06 2.094328e-04 9.450105e-08 3.294073e-06
9.400 1.184950e-06 2.040882e-04 8.529909e-08 3.096470e-06
9.410 1.090039e-06 1.988636e-04 7.693239e-08 2.909548e-06
9.420 1.002105e-06 1.937567e-04 6.933123e-08 2.732801e-06
9.430 9.206869e-07 1.887654e-04 6.243112e-08 2.565745e-06
9.440 8.453495e-07 1.838874e-04 5.617251e-08 2.407912e-06
9.450 7.756835e-07 1.791204e-04 5.050037e-08 2.258854e-06
9.460 7.113036e-07 1.744623e-04 4.536400e-08 2.118144e-06
9.470 6.518473e-07 1.699111e-04 4.071662e-08 1.985368e-06
9.480 5.969741e-07 1.654646e-04 3.651518e-08 1.860133e-06
9.490 5.463639e-07 1.611207e-04 3.272008e-08 1.742059e-06
9.500 4.997164e-07 1.568775e-04 2.929491e-08 1.630786e-06
9.510 4.567501e-07 1.527329e-04 2.620623e-08 1.525967e-06
9.520 4.172009e-07 1.486850e-04 2.342336e-08 1.427269e-06
9.530 3.808216e-07 1.447319e-04 2.091818e-08 1.334376e-06
9.540 3.473809e-07 1.408717e-04 1.866492e-08 1.246985e-06
9.550 3.166623e-07 1.371024e-04 1.664002e-08 1.164806e-06
9.560 2.884638e-07 1.334224e-04 1.482192e-08 1.087562e-06
9.570 2.625963e-07 1.298296e-04 1.319094e-08 1.014990e-06
9.580 2.388838e-07 1.263225e-04 1.172912e-08 9.468371e-07
9.590 2.171619e-07 1.228992e-04 1.042007e-08 8.828634e-07
9.600 1.972775e-07 1.195580e-04 9.248897e-09 8.228398e-07
9.610 1.790880e-07 1.162973e-04 8.202009e-09 7.665483e-07
9.620 1.624609e-07 1.131153e-04 7.267071e-09 7.137809e-07
9.630 1.472729e-07 1.100105e-04 6.432872e-09 6.643400e-07
9.640 1.334093e-07 1.069812e-04 5.689242e-09 6.180373e-07
9.650 1.207639e-07 1.040258e-04 5.026961e-09 5.746939e-07
9.660 1.092380e-07 1.011429e-04 4.437678e-09 5.341399e-07
9.670 9.874027e-08 9.833078e-05 3.913837e-09 4.962136e-07
9.680 8.918603e-08 9.558809e-05 3.448609e-09 4.607617e-07
9.690 8.049695e-08 9.291330e-05 3.035827e-09 4.276386e-07
9.700 7.260058e-08 9.030497e-05 2.669927e-09 3.967063e-07
9.710 6.543001e-08 8.776168e-05 2.345895e-09 3.678338e-07
9.720 5.892344e-08 8.528204e-05 2.059217e-09 3.408971e-07
9.730 5.302389e-08 8.286465e-05 1.805833e-09 3.157788e-07
9.740 4.767880e-08 8.050819e-05 1.582094e-09 2.923677e-07
9.750 4.283981e-08 7.821133e-05 1.384727e-09 2.705585e-07
9.760 3.846238e-08 7.597275e-05 1.210794e-09 2.502518e-07
9.770 3.450557e-08 7.379120e-05 1.057665e-09 2.313536e-07
9.780 3.093177e-08 7.166540e-05 9.229857e-10 2.137751e-07
9.790 2.770644e-08 6.959414e-05 8.046532e-10 1.974323e-07
9.800 2.479791e-08 6.757620e-05 7.007879e-10 1.822463e-07
9.810 2.217717e-08 6.561039e-05 6.097138e-10 1.681423e-07
9.820 1.981762e-08 6.369555e-05 5.299372e-10 1.550501e-07
9.830 1.769495e-08 6.183054e-05 4.601285e-10 1.429033e-07
9.840 1.578692e-08 6.001422e-05 3.991055e-10 1.316396e-07
9.850 1.407324e-08 5.824551e-05 3.458178e-10 1.212004e-07
9.860 1.253536e-08 5.652331e-05 2.993337e-10 1.115302e-07
9.870 1.115640e-08 5.484657e-05 2.588271e-10 1.025774e-07
9.880 9.920956e-09 5.321425e-05 2.235666e-10 9.429299e-08
9.890 8.815014e-09 5.162532e-05 1.929057e-10 8.663130e-08
9.900 7.825833e-09 5.007878e-05 1.662726e-10 7.954933e-08
9.910 6.941832e-09 4.857366e-05 1.431634e-10 7.300677e-08
9.920 6.152499e-09 4.710898e-05 1.231333e-10 6.696586e-08
9.930 5.448296e-09 4.568380e-05 1.057911e-10 6.139119e-08
9.940 4.820583e-09 4.429719e-05 9.079248e-11 5.624962e-08
9.950 4.261535e-09 4.294825e-05 7.783502e-11 5.151015e-08
9.960 3.764072e-09 4.163609e-05 6.665334e-11 4.714377e-08
9.970 3.321797e-09 4.035982e-05 5.701483e-11 4.312337e-08
9.980 2.928933e-09 3.911860e-05 4.871581e-11 3.942364e-08
9.990 2.580267e-09 3.791159e-05 4.157819e-11 3.602093e-08
